shdev56:129092.75716015
shdev57:201604.635539383
