shdev56:129092.75716015
shdev57:126007.317229114
