shdev56:129092.75716015
shdev57:100795.59779264
