shdev56:129092.75716015
shdev57:176406.216102611
