shdev56:129092.75716015
shdev57:163806.556384236
