shdev56:129092.75716015
shdev57:189005.575820994
