shdev56:129092.75716015
shdev57:62996.9786375053
