shdev56:129092.75716015
shdev57:138607.076947488
