shdev56:129092.75716015
shdev57:88195.7580742687
