shdev56:129092.75716015
shdev57:50397.618919123
