shdev56:129092.75716015
shdev57:37797.83920075
